0000 308 536
0001 472 386
0002 193 404
0003 290 244
0004 138 517
0005 324 521
0006 149 442
0007 374 414
0008 373 417
0009 258 382
0010 433 595
0011 194 326
0012 472 372
0013 350 521
0014 350 521
0015 343 646
0016 403 360
0017 403 361
0018 403 362
0019 471 324
0020 428 456
0021 428 456
0022 437 296
0023 437 296
0024 424 268
0025 77 270
0026 172 353
0027 278 521
0028 522 593
0029 498 574
0030 160 406
0031 426 498
0032 339 452
0033 340 454
0034 457 492
0035 185 289
0036 79 316
0037 67 307
0038 314 434
0039 249 544
0040 408 376
0041 435 492
0042 477 365
0043 532 329
0044 322 484
0045 217 328
0046 376 278
0047 350 329
0048 314 622
0049 356 288
0050 237 414
0051 237 413
0052 134 318
0053 483 264
0054 178 326
0055 170 436
0056 170 437
0057 170 435
0058 442 383
0059 284 472
0060 284 472
0061 397 383
0062 404 269
0063 384 484
0064 350 532
0065 364 462
0066 547 324
0067 324 386
0068 324 383
0069 323 380
0070 324 382
0071 322 378
0072 229 193
0073 317 366
0074 319 340
0075 416 472
0076 196 311
0077 257 407
0078 258 406
0079 256 407
0080 202 273
0081 192 242
0082 422 562
0083 355 259
0084 439 281
0085 202 462
0086 439 442
0087 419 550
0088 523 402
0089 529 207
0090 522 216
0091 516 224
0092 468 501
0093 461 316
0094 461 316
0095 300 277
0096 302 276
0097 448 304
0098 180 344
0099 238 336
0100 238 336
0101 276 295
0102 91 461
0103 242 483
0104 112 301
0105 432 352
0106 253 312
0107 397 413
0108 438 608
0109 214 421
0110 214 421
0111 192 300
0112 198 607
0113 259 282
0114 527 429
0115 484 429
0116 484 429
0117 389 317
0118 389 317
0119 428 331
0120 418 321
0121 367 484
0122 368 484
0123 367 484
0124 364 510
0125 369 507
0126 281 596
0127 192 428
0128 337 265
0129 413 445
0130 77 465
0131 267 560
0132 268 465
0133 268 465
0134 468 550
0135 356 375
0136 356 375
0137 237 389
0138 237 387
0139 175 397
0140 386 448
0141 129 352
0142 415 508
0143 416 509
0144 416 508
0145 158 326
0146 449 474
0147 331 554
0148 367 324
0149 367 324
0150 166 422
0151 372 521
0152 441 619
0153 259 533
0154 205 332
0155 204 332
0156 203 333
0157 139 384
0158 220 373
0159 314 553
0160 430 519
0161 385 217
0162 301 484
0163 415 359
0164 353 272
0165 337 404
0166 118 453
0167 475 274
0168 258 497
0169 402 497
0170 402 497
0171 154 512
0172 173 279
0173 305 392
0174 288 347
0175 258 422
0176 258 422
0177 257 423
0178 187 226
0179 439 223
0180 215 585
0181 537 412
0182 294 606
0183 518 474
0184 386 232
0185 509 232
0186 503 240
0187 239 225
0188 236 212
0189 213 493
0190 490 375
0191 350 554
0192 350 554
0193 90 280
0194 376 557
0195 335 334
0196 123 334
0197 123 334
0198 119 324
0199 119 324
0200 468 308
0201 141 321
0202 237 440
0203 237 440
0204 216 474
0205 452 328
0206 266 307
0207 263 300
0208 267 306
0209 263 300
0210 295 259
0211 448 431
0212 464 351
0213 466 357
0214 463 349
0215 466 357
0216 389 258
0217 289 502
0218 278 320
0219 417 409
0220 419 411
0221 300 347
0222 300 348
0223 284 444
0224 284 444
0225 284 444
0226 442 529
0227 292 395
0228 293 396
0229 421 427
0230 157 373
0231 243 307
0232 243 307
0233 489 448
0234 254 269
0235 471 403
0236 473 336
0237 430 234
0238 303 521
0239 303 521
0240 162 271
0241 360 303
0242 368 255
0243 368 254
0244 368 254
0245 259 508
0246 259 508
0247 467 481
0248 467 482
0249 249 255
0250 347 484
0251 125 521
0252 104 457
0253 66 262
0254 349 369
0255 308 382
0256 134 422
0257 478 291
0258 132 448
0259 105 336
0260 394 223
0261 419 243
0262 285 232
0263 499 430
0264 172 506
0265 470 285
0266 405 232
0267 238 558
0268 350 583
0269 498 382
0270 454 538
0271 101 290
0272 275 583
0273 245 242
0274 197 258
0275 496 341
0276 384 582
0277 429 579
0278 498 474
0279 498 474
0280 484 496
0281 284 413
0282 284 413
0283 439 466
0284 460 416
0285 460 416
0286 187 501
0287 420 282
0288 393 328
0289 300 439
0290 365 402
0291 133 366
0292 292 289
0293 291 288
0294 271 333
0295 442 339
0296 442 339
0297 412 390
0298 307 462
0299 307 464
0300 414 534
0301 509 390
0302 248 499
0303 324 457
0304 325 459
0305 437 422
0306 144 397
0307 449 373
0308 258 358
0309 351 422
0310 351 422
0311 398 433
0312 397 433
0313 398 434
0314 395 432
0315 399 435
0316 428 401
0317 254 452
0318 332 637
0319 365 664
0320 494 460
0321 237 359
0322 300 511
0323 284 352
0324 321 269
0325 259 478
0326 258 478
0327 258 477
0328 511 336
0329 381 295
0330 312 349
0331 380 367
0332 225 430
0333 272 324
0334 275 336
0335 397 394
0336 327 430
0337 350 568
0338 258 371
0339 408 516
0340 409 518
0341 408 517
0342 359 447
0343 359 445
0344 359 447
0345 374 354
0346 260 347
0347 260 347
0348 232 321
0349 217 336
0350 384 427
0351 188 451
0352 376 242
0353 280 495
0354 157 397
0355 157 397
0356 278 400
0357 476 480
0358 248 343
0359 237 368
0360 217 285
0361 282 300
0362 148 418
0363 385 184
0364 385 206
0365 385 195
0366 232 486
0367 231 487
0368 231 297
0369 435 393
0370 200 497
0371 209 350
0372 495 250
0373 137 330
0374 484 563
0375 347 412